[[-2.75160419e-01  5.44940636e-01]
 [ 8.20025044e-01  1.17419168e+00]
 [-2.98666319e-01  5.06361817e-01]
 [-2.81273874e-01  5.26556736e-01]
 [ 1.03231481e+00 -6.59644714e-01]
 [-3.38482802e-01 -4.17901946e-02]
 [-3.56642598e-01 -4.07960130e-02]
 [-3.50247070e-01 -3.52840914e-02]
 [ 9.05131262e-01 -5.93657620e-01]
 [-2.76886911e-01  5.40852880e-01]
 [-3.51280121e-01 -2.13588748e-02]
 [ 7.34271570e-01  5.33945608e-01]
 [-3.93189530e-01 -9.81926528e-02]
 [ 9.75484039e-01 -5.77644113e-01]
 [-3.99443824e-01 -8.86846783e-02]
 [-3.31443419e-01  2.64597507e-03]
 [ 9.82247894e-01  4.86440387e-02]
 [-3.30051685e-01 -9.00422911e-04]
 [-4.19176801e-01 -1.43697171e-01]
 [ 6.96740259e-01 -6.49979250e-02]
 [-3.74433612e-01 -7.66547909e-02]
 [-4.00556201e-01 -9.18498210e-02]
 [ 5.66652384e-01  4.36777980e-02]
 [ 1.03405300e+00 -6.60290862e-01]
 [-2.30474687e-01 -1.76330824e-01]
 [-2.30127450e-01 -1.76442800e-01]
 [ 1.08782389e+00 -6.96169745e-01]
 [ 1.07311098e+00 -6.85247688e-01]
 [ 1.03461020e+00 -6.61188567e-01]
 [ 8.63726907e-01  4.60530651e-01]
 [ 1.03495533e+00 -6.60516356e-01]
 [-2.26856671e-01 -1.77320228e-01]
 [-2.31142536e-01 -1.76423582e-01]
 [-2.30721313e-01 -1.76251829e-01]
 [-2.30795366e-01 -1.76415454e-01]
 [ 8.64663593e-01  4.59450132e-01]
 [-2.31724048e-01 -1.76955527e-01]
 [ 6.98992142e-01 -6.59956231e-02]
 [ 8.62457500e-01  4.59322138e-01]
 [ 8.92975528e-01  4.40076075e-01]
 [ 8.63405138e-01  4.60422977e-01]
 [ 7.61256476e-01  5.91714469e-01]
 [-3.55946378e-01 -8.33296147e-02]
 [ 9.71641969e-01 -5.09506110e-01]
 [-3.81829144e-01 -8.91584931e-02]
 [-3.32822415e-01 -4.00597407e-02]
 [-3.33845898e-01 -3.80909643e-02]
 [-3.55485742e-01 -5.41798807e-02]
 [-3.59333859e-01 -4.98196362e-02]
 [-3.55852202e-01 -4.94796557e-02]
 [-3.65020218e-01 -6.33970891e-02]
 [-3.25881381e-01 -1.14697704e-02]
 [-3.72551863e-01 -9.78053549e-02]
 [-2.29959315e-01 -1.76513978e-01]
 [ 9.32949286e-01 -5.51586705e-01]
 [-3.68122492e-01 -6.44106043e-02]
 [-4.40762776e-01 -1.82834801e-01]
 [-3.60698588e-01 -5.03751886e-02]
 [-2.25260868e-01 -1.80460730e-01]
 [-3.42094086e-01 -2.83589185e-02]
 [ 7.92322456e-01  5.59900137e-01]
 [-2.29446695e-01 -1.76139494e-01]
 [-3.86071966e-01 -8.59259827e-02]
 [-3.57701415e-01 -5.19131146e-02]
 [-3.69674888e-01 -1.20916961e-01]
 [ 7.65858462e-01  6.26996938e-01]
 [-3.56194146e-01 -2.83959291e-02]
 [-3.90006800e-01 -8.49815190e-02]
 [-4.10331938e-01 -1.36521036e-01]
 [-2.74236067e-01  5.52144401e-01]
 [ 7.91360994e-01  1.14011253e+00]
 [-2.91179175e-01  5.17643054e-01]
 [-3.98126387e-01 -1.08344475e-01]
 [-2.92752327e-01  5.14601481e-01]
 [-3.58313963e-01 -7.45721777e-02]
 [-3.95929404e-01 -1.14512314e-01]
 [ 7.89980818e-01  6.30658317e-01]
 [-2.88614789e-01  5.28184659e-01]
 [ 7.62291827e-01  5.97004674e-01]
 [-3.54505408e-01 -2.84599098e-02]
 [-2.78327593e-01  5.37341615e-01]
 [-2.90710390e-01  5.22467639e-01]
 [ 8.00862344e-01  1.14950238e+00]
 [-2.85247159e-01  5.29434246e-01]
 [ 9.78936484e-01  4.55522928e-02]
 [ 9.84770885e-01  5.35776533e-02]
 [ 8.18248659e-01  1.17901162e+00]
 [-2.95699406e-01  5.17775735e-01]
 [-2.97452032e-01  5.09471657e-01]
 [ 9.20829628e-01 -5.24419746e-01]
 [-4.10564736e-01 -1.28904928e-01]
 [ 9.48893931e-01 -5.00620643e-01]
 [ 5.26667310e-01  1.95479148e-02]
 [ 7.30436294e-01  5.67536580e-01]
 [-3.96893696e-01 -1.12727651e-01]
 [-3.99341033e-01 -1.14443348e-01]
 [-3.86307358e-01 -9.26780185e-02]
 [-2.81404301e-01  5.34254761e-01]
 [-4.00056363e-01 -9.58515924e-02]
 [ 9.61088383e-01 -4.92343036e-01]
 [-3.10223623e-01 -9.70686791e-03]
 [ 6.18224069e-01  1.04656545e-01]
 [ 9.47360434e-01 -5.55195446e-01]
 [-3.23054111e-01 -1.97889655e-02]
 [-4.11944610e-01 -1.31612133e-01]
 [-4.18257448e-01 -1.43109523e-01]
 [ 9.61467581e-01 -5.47787379e-01]
 [-3.86768461e-01 -8.52845833e-02]
 [-3.64470386e-01 -4.98580800e-02]
 [-3.70177094e-01 -8.79905063e-02]
 [-2.30127960e-01 -1.76453210e-01]
 [-4.28859999e-01 -1.38668111e-01]
 [-4.20661440e-01 -1.40844015e-01]
 [-3.82495989e-01 -7.92109787e-02]
 [-3.34172219e-01 -5.43440257e-02]
 [-3.24372665e-01 -2.64796741e-02]
 [ 9.55853835e-01 -5.40243060e-01]
 [-3.18423314e-01  5.07837117e-03]
 [-2.70889028e-01  5.35788127e-01]
 [-2.79852531e-01  5.37186574e-01]
 [-4.46840733e-01 -1.63936293e-01]
 [-3.46595417e-01 -5.69898237e-02]
 [ 9.24806411e-01 -5.50608253e-01]
 [ 8.03999095e-01  1.15375820e+00]
 [-3.95029047e-01 -8.61431918e-02]
 [-3.35713204e-01 -3.87864309e-02]
 [-3.99988368e-01 -1.47687506e-01]
 [ 6.04142492e-01  7.92012726e-02]
 [ 8.98950353e-01 -5.83314810e-01]
 [-3.98269114e-01 -1.04525416e-01]
 [-3.31160210e-01 -2.22460956e-02]
 [ 9.36862028e-01 -5.12281563e-01]
 [-4.21962192e-01 -1.22838171e-01]
 [-3.66362737e-01 -3.77128714e-02]
 [ 8.46153665e-01 -6.26702102e-01]
 [-3.53007479e-01 -9.62067913e-02]
 [-3.15983380e-01  1.87455138e-02]
 [ 8.12424456e-01  1.17010950e+00]
 [-3.43919227e-01 -3.22800289e-02]
 [-2.89394239e-01  5.22617023e-01]
 [ 7.64035231e-01  6.35166828e-01]
 [ 8.09332122e-01  1.16385209e+00]
 [-3.77725169e-01 -7.91929507e-02]
 [-3.72332614e-01 -6.59464020e-02]
 [ 8.16199823e-01  1.17545372e+00]
 [-2.92849937e-01  5.07620416e-01]
 [-3.86701335e-01 -8.55108012e-02]
 [-2.76031207e-01  5.44179358e-01]
 [-2.68553154e-01  5.57520614e-01]
 [-3.36553217e-01 -7.27690789e-03]
 [-4.24418241e-01 -1.51519880e-01]
 [ 6.46939901e-01  6.40624755e-01]
 [ 6.47820013e-01  6.43463429e-01]
 [ 5.01455443e-01  4.97866162e-02]
 [-3.76866885e-01 -7.36044349e-02]
 [-3.74050820e-01 -7.34276223e-02]
 [-4.06625036e-01 -1.00245712e-01]
 [ 8.62926801e-01 -6.48791000e-01]
 [ 8.50317946e-01 -5.97192723e-01]
 [-2.97409720e-01  5.14005699e-01]
 [ 9.90852132e-01  4.87027388e-02]
 [ 7.41867241e-01  6.00470487e-01]
 [-3.49952943e-01 -3.67910976e-02]
 [-3.81280393e-01 -7.47862950e-02]
 [-4.05005197e-01 -1.23735868e-01]
 [-4.44662765e-01 -1.90468394e-01]
 [-3.75562919e-01 -6.45513246e-02]
 [-3.41950037e-01 -1.56150573e-02]
 [ 6.02124610e-01  9.79473871e-02]
 [-3.58995770e-01 -5.04300437e-02]
 [ 9.27435995e-01 -5.44405872e-01]
 [-4.12145482e-01 -1.05643350e-01]
 [-3.33304815e-01 -3.16272038e-02]
 [-3.32238618e-01 -3.03083395e-02]
 [-3.45289131e-01 -2.81556126e-02]
 [-3.30343666e-01 -5.69909383e-03]
 [-3.87094008e-01 -9.34933276e-02]
 [ 9.23607197e-01 -5.48972909e-01]
 [ 8.98999134e-01 -6.10218749e-01]
 [-3.86071966e-01 -8.59259827e-02]
 [-3.37322789e-01 -6.38756985e-02]
 [-3.58722619e-01 -4.26170787e-02]
 [-4.17049832e-01 -1.16009562e-01]
 [-3.33573903e-01 -1.29750890e-02]
 [-3.97691799e-01 -1.10255408e-01]
 [ 6.00048432e-01  1.05570920e-01]
 [-3.81648306e-01 -1.13309148e-01]
 [-3.23227153e-01  1.79487723e-02]
 [ 9.30284205e-01 -5.22422680e-01]
 [-4.27046029e-01 -1.36860480e-01]
 [-3.76190403e-01 -6.45774317e-02]
 [-3.97829201e-01 -9.81894610e-02]
 [-3.29309358e-01  7.26476504e-03]
 [ 8.90180918e-01 -5.82287254e-01]
 [-3.52759441e-01 -3.43113918e-02]
 [-3.86071966e-01 -8.59259827e-02]
 [ 1.10514884e+00 -7.14307753e-01]
 [ 1.06607428e+00 -6.65279398e-01]
 [-3.74195137e-01 -7.69866189e-02]
 [-3.31927749e-01 -6.85035304e-02]
 [-3.29698256e-01  1.40104368e-02]
 [-3.36388005e-01  7.42217651e-04]
 [-3.89295972e-01 -7.18869613e-02]
 [-4.34775443e-01 -1.43660049e-01]
 [ 5.58695192e-01  3.09835808e-02]
 [-3.41269331e-01 -2.02201342e-02]
 [-4.18532244e-01 -1.40258260e-01]
 [-3.67655098e-01 -5.21739962e-02]
 [-3.38649658e-01 -2.18619171e-02]
 [ 6.09303663e-01  9.33614102e-02]
 [-2.79392978e-01  5.37595776e-01]
 [ 9.55484823e-01 -5.01380303e-01]
 [-3.36516544e-01 -2.18519299e-02]
 [ 7.87228748e-01  6.51580324e-01]
 [-3.39880569e-01 -6.44730211e-02]
 [ 9.31938492e-01 -5.48651890e-01]
 [-3.56018207e-01 -4.98767292e-02]
 [-3.74053312e-01 -7.16664663e-02]
 [-3.43615074e-01 -1.62755636e-02]
 [ 9.40613364e-01 -5.13176692e-01]
 [ 5.81774239e-01  5.44581981e-02]
 [-3.44393476e-01 -2.56584446e-02]
 [-3.37708433e-01 -1.48199743e-02]
 [ 7.45976350e-01  6.05813612e-01]
 [-3.51228117e-01 -2.37443844e-02]
 [-4.03989798e-01 -1.21740138e-01]
 [-4.08607039e-01 -1.20254869e-01]
 [ 7.59423631e-01  5.78610105e-01]
 [-3.28491001e-01 -4.90539330e-02]
 [-3.21563258e-01 -3.58965666e-02]
 [-3.38286821e-01 -6.51564791e-03]
 [-3.52251120e-01 -3.64467711e-02]
 [-3.82060891e-01 -7.41652984e-02]
 [-3.87731386e-01 -8.88695591e-02]
 [-3.78065411e-01 -6.81169644e-02]
 [-3.34595941e-01 -2.83284992e-02]
 [-3.66229789e-01 -1.03898764e-01]
 [-3.59966133e-01 -5.07549185e-02]
 [-3.30142739e-01 -5.45579540e-02]
 [-4.10331095e-01 -1.38841418e-01]
 [-3.28483887e-01 -5.08441253e-02]
 [-3.63585968e-01 -1.02525761e-01]
 [-3.59654386e-01 -4.26667065e-02]
 [ 7.23782447e-01  5.85281575e-01]
 [-3.44799979e-01 -1.92444124e-02]
 [-3.99893946e-01 -9.45666613e-02]
 [ 9.31292203e-01 -5.24864110e-01]
 [ 4.96559254e-01  2.62796171e-02]
 [-3.98095216e-01 -1.23583626e-01]
 [ 7.42401444e-01  5.98071003e-01]
 [ 7.55967294e-01  6.03522001e-01]
 [-3.44925848e-01 -3.75400451e-02]
 [-4.25568020e-01 -1.43428216e-01]
 [-3.85209491e-01 -8.73605284e-02]
 [ 7.56753640e-01  6.03599003e-01]
 [-3.89958916e-01 -8.63496772e-02]
 [-3.37606163e-01  1.60768776e-02]
 [-2.98652679e-01 -3.70333087e-02]
 [-3.56348412e-01 -3.21306645e-02]
 [ 7.09126151e-01  5.55325015e-01]
 [ 1.03314172e+00 -6.60002735e-01]
 [-3.68808781e-01 -6.97290992e-02]
 [-4.19799729e-01 -1.09506005e-01]
 [-2.64638064e-01 -6.37232132e-02]
 [ 5.23054593e-01 -5.92382979e-03]
 [-3.78774456e-01 -7.30868554e-02]
 [-3.85646532e-01 -8.65597440e-02]
 [ 9.48548156e-01 -5.55815380e-01]
 [ 7.44269184e-01  6.05765738e-01]
 [-3.42015081e-01 -1.04384243e-02]
 [-3.87114819e-01 -9.59285120e-02]
 [-3.63418921e-01 -8.40189049e-02]
 [-3.62291182e-01 -5.58210203e-02]
 [ 9.63842263e-01 -5.22768569e-01]
 [ 9.37252974e-01 -5.20360508e-01]
 [ 5.86507956e-01  4.79007961e-02]
 [-3.34364969e-01 -5.69099650e-02]
 [-3.69577706e-01 -1.10039686e-01]
 [-2.91717349e-01  5.16887341e-01]
 [-3.36431823e-01 -8.85289824e-02]
 [-2.74282105e-01  5.51968567e-01]
 [-3.36733981e-01 -5.85050059e-02]
 [-3.48448522e-01 -3.67438442e-02]
 [-3.74867476e-01 -5.13509453e-02]
 [-4.03494231e-01 -9.34261094e-02]
 [-4.21215965e-01 -1.19491674e-01]
 [-3.43451400e-01 -1.69376936e-02]
 [-3.40048675e-01 -2.23302389e-02]
 [-4.13821564e-01 -1.30360677e-01]
 [-4.00080340e-01 -9.52346674e-02]
 [-3.74337198e-01 -5.98035305e-02]
 [-3.24319740e-01 -2.66484244e-02]
 [ 5.89119534e-01  8.45888104e-02]
 [-3.25505927e-01  3.42266331e-03]
 [-3.22008008e-01  1.45115219e-02]
 [-3.43742228e-01 -2.86454984e-02]
 [ 9.22182917e-01 -5.40096539e-01]
 [-4.11654754e-01 -1.40070305e-01]
 [-3.84691500e-01 -5.18931057e-02]
 [ 5.56667172e-01  3.85430104e-02]
 [-3.33073155e-01 -3.53558892e-02]
 [-4.08674781e-01 -1.37211958e-01]
 [-4.27282645e-01 -1.38186623e-01]
 [-4.07030285e-01 -1.25812226e-01]
 [ 9.53734019e-01 -5.51501621e-01]
 [-3.48122914e-01 -1.94580045e-02]
 [-3.41462384e-01 -1.54871567e-02]
 [-2.74036586e-01  5.44345541e-01]
 [-3.76955577e-01 -8.05717323e-02]
 [-3.65063159e-01 -5.98269787e-02]
 [-3.45930824e-01 -2.71288838e-02]
 [-3.48455482e-01 -5.56273850e-02]
 [-3.95153765e-01 -1.05418085e-01]
 [-3.98112403e-01 -1.06720796e-01]
 [-3.66568722e-01 -6.12047589e-02]
 [-4.16413667e-01 -1.14251741e-01]
 [-3.35249768e-01 -1.41183961e-02]
 [-3.45566019e-01 -3.00063627e-02]
 [-4.46635521e-01 -1.83545945e-01]
 [-3.76120940e-01 -6.81450873e-02]
 [-3.52269549e-01 -1.84945429e-02]
 [ 7.83617976e-01  6.48458040e-01]
 [-4.49356890e-01 -1.90946736e-01]
 [ 7.75134541e-01  6.53358190e-01]
 [ 7.70460274e-01  6.09067371e-01]
 [-3.45407053e-01 -1.54663332e-02]
 [ 8.09861531e-01  1.16118418e+00]
 [ 5.96250827e-01  9.81014100e-02]
 [-4.25035307e-01 -1.28277305e-01]
 [ 9.41131184e-01 -5.20896917e-01]
 [ 9.54683859e-01 -5.56563959e-01]
 [ 9.20137008e-01 -5.39177022e-01]
 [-3.34963910e-01 -2.85651616e-02]
 [-3.72436687e-01 -7.64163928e-02]
 [-3.89413398e-01 -9.57732860e-02]
 [-3.04473485e-01 -2.02691188e-02]
 [ 9.29017272e-01 -5.45854498e-01]
 [-4.37171702e-01 -1.44031748e-01]
 [-3.48323237e-01 -9.49869737e-02]
 [ 9.33320671e-01 -5.38890183e-01]
 [-4.09491228e-01 -1.32098227e-01]
 [-3.53534936e-01 -7.79206225e-02]
 [ 7.33979284e-01  5.88646872e-01]
 [-3.40852282e-01 -9.60969433e-03]
 [-3.60411709e-01 -5.22557306e-02]
 [-3.86686331e-01 -8.56406928e-02]
 [-3.86071966e-01 -8.59259827e-02]]